O = exp(b)*(I + c)^a
a = -0.6683592568306833
b = 10.262550791705024
exp(b) = 28639.74712797222
c = 0.01

a = -0.6057442348870001
b = 9.81361540153266
exp(b) = 18280.96075851505
c = 0.001

O = K * I + a
K = -1069.6144984118494
a = 621852.9411764706